Unopt: 8.85806655883789 seconds
Opt: 30.062670707702637 seconds