Unopt: 2.1027400493621826 seconds
Opt: 24.595223665237427 seconds