Unopt: 1.7523283958435059 seconds
Opt: 23.453470468521118 seconds