Unopt: 2.4087865352630615 seconds
Opt: 23.574231147766113 seconds